sites	0	1	2	3       4  
0    1.5	0.1	0.1	0.1	0.1
1    0.1	1.5	0.1	0.1	0.1
2    0.1	0.1	1.5	0.1	0.1
3    1.5	1.5	1.5	1.5	1.5
4    1.5	0.1	0.1	0.1	1.5
5    0.1	1.5	0.1	0.1	1.5
6    0.1	0.1	1.5	0.1	0.1
7    1.5	1.5	1.5	1.5	0.1
8    1.5	0.1	0.1	0.1	0.1
9    0.1	1.5	0.1	0.1	1.5
10   0.1	0.1	1.5	0.1	1.5
11   1.5	1.5	1.5	1.5	1.5
12   1.5	0.1	0.1	0.1	0.1
13   0.1	1.5	0.1	0.1	0.1
14   0.1	0.1	1.5	0.1	0.1
15   1.5	1.5	1.5	1.5	1.5
16   1.5	0.1	0.1	0.1	1.5
17   0.1	1.5	0.1	0.1	1.5
18   0.1	0.1	1.5	0.1	0.1
19   1.5	1.5	1.5	1.5	0.1
20   1.5	0.1	0.1	0.1	0.1
21   0.1	1.5	0.1	0.1	1.5
22   0.1	0.1	1.5	0.1	1.5
23   1.5	1.5	1.5	1.5	1.5
24   1.5	0.1	0.1	0.1	0.1
25   0.1	1.5	0.1	0.1	0.1
26   0.1	0.1	1.5	0.1	0.1
27   1.5	1.5	1.5	1.5	1.5
28   1.5	0.1	0.1	0.1	1.5
29   0.1	1.5	0.1	0.1	1.5
30   0.1	0.1	1.5	0.1	0.1
31   1.5	1.5	1.5	1.5	0.1
32   1.5	0.1	0.1	0.1	0.1
33   0.1	1.5	0.1	0.1	1.5
34   0.1	0.1	1.5	0.1	1.5
35   1.5	1.5	1.5	1.5	1.5
36   1.5	0.1	0.1	0.1	0.1
37   0.1	1.5	0.1	0.1	0.1
38   0.1	0.1	1.5	0.1	0.1
39   1.5	1.5	1.5	1.5	1.5
40   1.5	0.1	0.1	0.1	1.5
41   0.1	1.5	0.1	0.1	1.5
42   0.1	0.1	1.5	0.1	0.1
43   1.5	1.5	1.5	1.5	0.1
44   1.5	0.1	0.1	0.1	0.1
45   0.1	1.5	0.1	0.1	1.5
46   0.1	0.1	1.5	0.1	1.5
47   1.5	1.5	1.5	1.5	1.5
48   1.5	0.1	0.1	0.1	0.1
49   0.1	1.5	0.1	0.1	0.1
50   0.1	0.1	1.5	0.1	0.1
51   1.5	1.5	1.5	1.5	1.5
52   1.5	0.1	0.1	0.1	1.5
53   0.1	1.5	0.1	0.1	1.5
54   0.1	0.1	1.5	0.1	0.1
55   1.5	1.5	1.5	1.5	0.1
56   1.5	0.1	0.1	0.1	0.1
57   0.1	1.5	0.1	0.1	1.5
58   0.1	0.1	1.5	0.1	1.5
59   1.5	1.5	1.5	1.5	1.5
60   1.5	0.1	0.1	0.1	0.1
61   0.1	1.5	0.1	0.1	0.1
62   0.1	0.1	1.5	0.1	0.1
63   1.5	1.5	1.5	1.5	1.5
64   1.5	0.1	0.1	0.1	1.5
65   0.1	1.5	0.1	0.1	1.5
66   0.1	0.1	1.5	0.1	0.1
67   1.5	1.5	1.5	1.5	0.1
68   1.5	0.1	0.1	0.1	0.1
69   0.1	1.5	0.1	0.1	1.5
70   0.1	0.1	1.5	0.1	1.5
71   1.5	1.5	1.5	1.5	1.5
72   1.5	0.1	0.1	0.1	0.1
73   0.1	1.5	0.1	0.1	0.1
74   0.1	0.1	1.5	0.1	0.1
75   1.5	1.5	1.5	1.5	1.5
76   1.5	0.1	0.1	0.1	1.5
77   0.1	1.5	0.1	0.1	1.5
78   0.1	0.1	1.5	0.1	0.1
79   1.5	1.5	1.5	1.5	0.1
80   1.5	0.1	0.1	0.1	0.1
81   0.1	1.5	0.1	0.1	1.5
82   0.1	0.1	1.5	0.1	1.5
83   1.5	1.5	1.5	1.5	1.5
84   1.5	0.1	0.1	0.1	0.1
85   0.1	1.5	0.1	0.1	0.1
86   0.1	0.1	1.5	0.1	0.1
87   1.5	1.5	1.5	1.5	1.5
88   1.5	0.1	0.1	0.1	1.5
89   0.1	1.5	0.1	0.1	1.5
90   0.1	0.1	1.5	0.1	0.1
91   1.5	1.5	1.5	1.5	0.1
92   1.5	0.1	0.1	0.1	0.1
93   0.1	1.5	0.1	0.1	1.5
94   0.1	0.1	1.5	0.1	1.5
95   1.5	1.5	1.5	1.5	1.5
96   1.5	0.1	0.1	0.1	0.1
97   0.1	1.5	0.1	0.1	0.1
98   0.1	0.1	1.5	0.1	0.1
99   1.5	1.5	1.5	1.5	1.5
100 	1.5	0.1	0.1	0.1	1.5
101 	0.1	1.5	0.1	0.1	1.5
102 	0.1	0.1	1.5	0.1	0.1
103 	1.5	1.5	1.5	1.5	0.1
104 	1.5	0.1	0.1	0.1	0.1
105 	0.1	1.5	0.1	0.1	1.5
106 	0.1	0.1	1.5	0.1	1.5
107 	1.5	1.5	1.5	1.5	1.5
108 	1.5	0.1	0.1	0.1	0.1
109 	0.1	1.5	0.1	0.1	0.1
110 	0.1	0.1	1.5	0.1	0.1
111 	1.5	1.5	1.5	1.5	1.5
112 	1.5	0.1	0.1	0.1	1.5
113 	0.1	1.5	0.1	0.1	1.5
114 	0.1	0.1	1.5	0.1	0.1
115 	1.5	1.5	1.5	1.5	0.1
116 	1.5	0.1	0.1	0.1	0.1
117 	0.1	1.5	0.1	0.1	1.5
118 	0.1	0.1	1.5	0.1	1.5
119 	1.5	1.5	1.5	1.5	1.5
120 	1.5	0.1	0.1	0.1	0.1
121 	0.1	1.5	0.1	0.1	0.1
122 	0.1	0.1	1.5	0.1	0.1
123 	1.5	1.5	1.5	1.5	1.5
124 	1.5	0.1	0.1	0.1	1.5
125 	0.1	1.5	0.1	0.1	1.5
126 	0.1	0.1	1.5	0.1	0.1
127 	1.5	1.5	1.5	1.5	0.1
128 	1.5	0.1	0.1	0.1	0.1
129 	0.1	1.5	0.1	0.1	1.5
130 	0.1	0.1	1.5	0.1	1.5
131 	1.5	1.5	1.5	1.5	1.5
132 	1.5	0.1	0.1	0.1	0.1
133 	0.1	1.5	0.1	0.1	0.1
134 	0.1	0.1	1.5	0.1	0.1
135 	1.5	1.5	1.5	1.5	1.5
136 	1.5	0.1	0.1	0.1	1.5
137 	0.1	1.5	0.1	0.1	1.5
138 	0.1	0.1	1.5	0.1	0.1
139 	1.5	1.5	1.5	1.5	0.1
140 	1.5	0.1	0.1	0.1	0.1
141 	0.1	1.5	0.1	0.1	1.5
142 	0.1	0.1	1.5	0.1	1.5
143 	1.5	1.5	1.5	1.5	1.5
144 	1.5	0.1	0.1	0.1	0.1
145 	0.1	1.5	0.1	0.1	0.1
146 	0.1	0.1	1.5	0.1	0.1
147 	1.5	1.5	1.5	1.5	1.5
148 	1.5	0.1	0.1	0.1	1.5
149 	0.1	1.5	0.1	0.1	1.5
150 	0.1	0.1	1.5	0.1	0.1
151 	1.5	1.5	1.5	1.5	0.1
152 	1.5	0.1	0.1	0.1	0.1
153 	0.1	1.5	0.1	0.1	1.5
154 	0.1	0.1	1.5	0.1	1.5
155 	1.5	1.5	1.5	1.5	1.5
156 	1.5	0.1	0.1	0.1	0.1
157 	0.1	1.5	0.1	0.1	0.1
158 	0.1	0.1	1.5	0.1	0.1
159 	1.5	1.5	1.5	1.5	1.5
160 	1.5	0.1	0.1	0.1	1.5
161 	0.1	1.5	0.1	0.1	1.5
162 	0.1	0.1	1.5	0.1	0.1
163 	1.5	1.5	1.5	1.5	0.1
164 	1.5	0.1	0.1	0.1	0.1
165 	0.1	1.5	0.1	0.1	1.5
166 	0.1	0.1	1.5	0.1	1.5
167 	1.5	1.5	1.5	1.5	1.5
168 	1.5	0.1	0.1	0.1	0.1
169 	0.1	1.5	0.1	0.1	0.1
170 	0.1	0.1	1.5	0.1	0.1
171 	1.5	1.5	1.5	1.5	1.5
172 	1.5	0.1	0.1	0.1	1.5
173 	0.1	1.5	0.1	0.1	1.5
174 	0.1	0.1	1.5	0.1	0.1
175 	1.5	1.5	1.5	1.5	0.1
176 	1.5	0.1	0.1	0.1	0.1
177 	0.1	1.5	0.1	0.1	1.5
178 	0.1	0.1	1.5	0.1	1.5
179 	1.5	1.5	1.5	1.5	1.5
180 	1.5	0.1	0.1	0.1	0.1
181 	0.1	1.5	0.1	0.1	0.1
182 	0.1	0.1	1.5	0.1	0.1
183 	1.5	1.5	1.5	1.5	1.5
184 	1.5	0.1	0.1	0.1	1.5
185 	0.1	1.5	0.1	0.1	1.5
186 	0.1	0.1	1.5	0.1	0.1
187 	1.5	1.5	1.5	1.5	0.1
188 	1.5	0.1	0.1	0.1	0.1
189 	0.1	1.5	0.1	0.1	1.5
190 	0.1	0.1	1.5	0.1	1.5
191 	1.5	1.5	1.5	1.5	1.5
192 	1.5	0.1	0.1	0.1	0.1
193 	0.1	1.5	0.1	0.1	0.1
194 	0.1	0.1	1.5	0.1	0.1
195 	1.5	1.5	1.5	1.5	1.5
196 	1.5	0.1	0.1	0.1	1.5
197 	0.1	1.5	0.1	0.1	1.5
198 	0.1	0.1	1.5	0.1	0.1
199 	1.5	1.5	1.5	1.5	0.1
200 	1.5	0.1	0.1	0.1	0.1
201 	0.1	1.5	0.1	0.1	1.5
202 	0.1	0.1	1.5	0.1	1.5
203 	1.5	1.5	1.5	1.5	1.5
204 	1.5	0.1	0.1	0.1	0.1
205 	0.1	1.5	0.1	0.1	0.1
206 	0.1	0.1	1.5	0.1	0.1
207 	1.5	1.5	1.5	1.5	1.5
208 	1.5	0.1	0.1	0.1	1.5
209 	0.1	1.5	0.1	0.1	1.5
210 	0.1	0.1	1.5	0.1	0.1
211 	1.5	1.5	1.5	1.5	0.1
212 	1.5	0.1	0.1	0.1	0.1
213 	0.1	1.5	0.1	0.1	1.5
214 	0.1	0.1	1.5	0.1	1.5
215 	1.5	1.5	1.5	1.5	1.5
216 	1.5	0.1	0.1	0.1	0.1
217 	0.1	1.5	0.1	0.1	0.1
218 	0.1	0.1	1.5	0.1	0.1
219 	1.5	1.5	1.5	1.5	1.5
220 	1.5	0.1	0.1	0.1	1.5
221 	0.1	1.5	0.1	0.1	1.5
222 	0.1	0.1	1.5	0.1	0.1
223 	1.5	1.5	1.5	1.5	0.1
224 	1.5	0.1	0.1	0.1	0.1
225 	0.1	1.5	0.1	0.1	1.5
226 	0.1	0.1	1.5	0.1	1.5
227 	1.5	1.5	1.5	1.5	1.5
228 	1.5	0.1	0.1	0.1	0.1
229 	0.1	1.5	0.1	0.1	0.1
230 	0.1	0.1	1.5	0.1	0.1
231 	1.5	1.5	1.5	1.5	1.5
232 	1.5	0.1	0.1	0.1	1.5
233 	0.1	1.5	0.1	0.1	1.5
234 	0.1	0.1	1.5	0.1	0.1
235 	1.5	1.5	1.5	1.5	0.1
236 	1.5	0.1	0.1	0.1	0.1
237 	0.1	1.5	0.1	0.1	1.5
238 	0.1	0.1	1.5	0.1	1.5
239 	1.5	1.5	1.5	1.5	1.5
240  1.5	0.1	0.1	0.1	0.1
241  0.1	1.5	0.1	0.1	0.1
242  0.1	0.1	1.5	0.1	0.1
243  1.5	1.5	1.5	1.5	1.5
244  1.5	0.1	0.1	0.1	1.5
245  0.1	1.5	0.1	0.1	1.5
246  0.1	0.1	1.5	0.1	0.1
247  1.5	1.5	1.5	1.5	0.1
248  1.5	0.1	0.1	0.1	0.1
249  0.1	1.5	0.1	0.1	1.5
250  0.1	0.1	1.5	0.1	1.5
251  1.5	1.5	1.5	1.5	1.5
252  1.5	0.1	0.1	0.1	0.1
253  0.1	1.5	0.1	0.1	0.1
254  0.1	0.1	1.5	0.1	0.1
255  1.5	1.5	1.5	1.5	1.5
256  1.5	0.1	0.1	0.1	1.5
257  0.1	1.5	0.1	0.1	1.5
258  0.1	0.1	1.5	0.1	0.1
259  1.5	1.5	1.5	1.5	0.1
260  1.5	0.1	0.1	0.1	0.1
261  0.1	1.5	0.1	0.1	1.5
262  0.1	0.1	1.5	0.1	1.5
263  1.5	1.5	1.5	1.5	1.5
264  1.5	0.1	0.1	0.1	0.1
265  0.1	1.5	0.1	0.1	0.1
266  0.1	0.1	1.5	0.1	0.1
267  1.5	1.5	1.5	1.5	1.5
268  1.5	0.1	0.1	0.1	1.5
269  0.1	1.5	0.1	0.1	1.5
270  0.1	0.1	1.5	0.1	0.1
271  1.5	1.5	1.5	1.5	0.1
272  1.5	0.1	0.1	0.1	0.1
273  0.1	1.5	0.1	0.1	1.5
274  0.1	0.1	1.5	0.1	1.5
275  1.5	1.5	1.5	1.5	1.5
276  1.5	0.1	0.1	0.1	0.1
277  0.1	1.5	0.1	0.1	0.1
278  0.1	0.1	1.5	0.1	0.1
279  1.5	1.5	1.5	1.5	1.5
280  1.5	0.1	0.1	0.1	1.5
281  0.1	1.5	0.1	0.1	1.5
282  0.1	0.1	1.5	0.1	0.1
283  1.5	1.5	1.5	1.5	0.1
284  1.5	0.1	0.1	0.1	0.1
285  0.1	1.5	0.1	0.1	1.5
286  0.1	0.1	1.5	0.1	1.5
287  1.5	1.5	1.5	1.5	1.5
288  1.5	0.1	0.1	0.1	0.1
289  0.1	1.5	0.1	0.1	0.1
290  0.1	0.1	1.5	0.1	0.1
291  1.5	1.5	1.5	1.5	1.5
292  1.5	0.1	0.1	0.1	1.5
293  0.1	1.5	0.1	0.1	1.5
294  0.1	0.1	1.5	0.1	0.1
295  1.5	1.5	1.5	1.5	0.1
296  1.5	0.1	0.1	0.1	0.1
297  0.1	1.5	0.1	0.1	1.5
298  0.1	0.1	1.5	0.1	1.5
299  1.5	1.5	1.5	1.5	1.5
300  1.5	0.1	0.1	0.1	0.1
301  0.1	1.5	0.1	0.1	0.1
302  0.1	0.1	1.5	0.1	0.1
303  1.5	1.5	1.5	1.5	1.5
304  1.5	0.1	0.1	0.1	1.5
305  0.1	1.5	0.1	0.1	1.5
306  0.1	0.1	1.5	0.1	0.1
307  1.5	1.5	1.5	1.5	0.1
308  1.5	0.1	0.1	0.1	0.1
309  0.1	1.5	0.1	0.1	1.5
310  0.1	0.1	1.5	0.1	1.5
311  1.5	1.5	1.5	1.5	1.5
312  1.5	0.1	0.1	0.1	0.1
313  0.1	1.5	0.1	0.1	0.1
314  0.1	0.1	1.5	0.1	0.1
315  1.5	1.5	1.5	1.5	1.5
316  1.5	0.1	0.1	0.1	1.5
317  0.1	1.5	0.1	0.1	1.5
318  0.1	0.1	1.5	0.1	0.1
319  1.5	1.5	1.5	1.5	0.1
320  1.5	0.1	0.1	0.1	0.1
321  0.1	1.5	0.1	0.1	1.5
322  0.1	0.1	1.5	0.1	1.5
323  1.5	1.5	1.5	1.5	1.5
324  1.5	0.1	0.1	0.1	0.1
325  0.1	1.5	0.1	0.1	0.1
326  0.1	0.1	1.5	0.1	0.1
327  1.5	1.5	1.5	1.5	1.5
328  1.5	0.1	0.1	0.1	1.5
329  0.1	1.5	0.1	0.1	1.5
330  0.1	0.1	1.5	0.1	0.1
331  1.5	1.5	1.5	1.5	0.1
332  1.5	0.1	0.1	0.1	0.1
333  0.1	1.5	0.1	0.1	1.5
334  0.1	0.1	1.5	0.1	1.5
335  1.5	1.5	1.5	1.5	1.5
336  1.5	0.1	0.1	0.1	0.1
337  0.1	1.5	0.1	0.1	0.1
338  0.1	0.1	1.5	0.1	0.1
339  1.5	1.5	1.5	1.5	1.5
340 	1.5	0.1	0.1	0.1	1.5
341 	0.1	1.5	0.1	0.1	1.5
342 	0.1	0.1	1.5	0.1	0.1
343 	1.5	1.5	1.5	1.5	0.1
344 	1.5	0.1	0.1	0.1	0.1
345 	0.1	1.5	0.1	0.1	1.5
346 	0.1	0.1	1.5	0.1	1.5
347 	1.5	1.5	1.5	1.5	1.5
348 	1.5	0.1	0.1	0.1	0.1
349 	0.1	1.5	0.1	0.1	0.1
350 	0.1	0.1	1.5	0.1	0.1
351 	1.5	1.5	1.5	1.5	1.5
352 	1.5	0.1	0.1	0.1	1.5
353 	0.1	1.5	0.1	0.1	1.5
354 	0.1	0.1	1.5	0.1	0.1
355 	1.5	1.5	1.5	1.5	0.1
356 	1.5	0.1	0.1	0.1	0.1
357 	0.1	1.5	0.1	0.1	1.5
358 	0.1	0.1	1.5	0.1	1.5
359 	1.5	1.5	1.5	1.5	1.5
360 	1.5	0.1	0.1	0.1	0.1
361 	0.1	1.5	0.1	0.1	0.1
362 	0.1	0.1	1.5	0.1	0.1
363 	1.5	1.5	1.5	1.5	1.5
364 	1.5	0.1	0.1	0.1	1.5
365 	0.1	1.5	0.1	0.1	1.5
366 	0.1	0.1	1.5	0.1	0.1
367 	1.5	1.5	1.5	1.5	0.1
368 	1.5	0.1	0.1	0.1	0.1
369 	0.1	1.5	0.1	0.1	1.5
370 	0.1	0.1	1.5	0.1	1.5
371 	1.5	1.5	1.5	1.5	1.5
372 	1.5	0.1	0.1	0.1	0.1
373 	0.1	1.5	0.1	0.1	0.1
374 	0.1	0.1	1.5	0.1	0.1
375 	1.5	1.5	1.5	1.5	1.5
376 	1.5	0.1	0.1	0.1	1.5
377 	0.1	1.5	0.1	0.1	1.5
378 	0.1	0.1	1.5	0.1	0.1
379 	1.5	1.5	1.5	1.5	0.1
380 	1.5	0.1	0.1	0.1	0.1
381 	0.1	1.5	0.1	0.1	1.5
382 	0.1	0.1	1.5	0.1	1.5
383 	1.5	1.5	1.5	1.5	1.5
384 	1.5	0.1	0.1	0.1	0.1
385 	0.1	1.5	0.1	0.1	0.1
386 	0.1	0.1	1.5	0.1	0.1
387 	1.5	1.5	1.5	1.5	1.5
388 	1.5	0.1	0.1	0.1	1.5
389 	0.1	1.5	0.1	0.1	1.5
390 	0.1	0.1	1.5	0.1	0.1
391 	1.5	1.5	1.5	1.5	0.1
392 	1.5	0.1	0.1	0.1	0.1
393 	0.1	1.5	0.1	0.1	1.5
394 	0.1	0.1	1.5	0.1	1.5
395 	1.5	1.5	1.5	1.5	1.5
396 	1.5	0.1	0.1	0.1	0.1
397 	0.1	1.5	0.1	0.1	0.1
398 	0.1	0.1	1.5	0.1	0.1
399 	1.5	1.5	1.5	1.5	1.5
400 	1.5	0.1	0.1	0.1	1.5
401 	0.1	1.5	0.1	0.1	1.5
402 	0.1	0.1	1.5	0.1	0.1
403 	1.5	1.5	1.5	1.5	0.1
404 	1.5	0.1	0.1	0.1	0.1
405 	0.1	1.5	0.1	0.1	1.5
406 	0.1	0.1	1.5	0.1	1.5
407 	1.5	1.5	1.5	1.5	1.5
408 	1.5	0.1	0.1	0.1	0.1
409 	0.1	1.5	0.1	0.1	0.1
410 	0.1	0.1	1.5	0.1	0.1
411 	1.5	1.5	1.5	1.5	1.5
412 	1.5	0.1	0.1	0.1	1.5
413 	0.1	1.5	0.1	0.1	1.5
414 	0.1	0.1	1.5	0.1	0.1
415 	1.5	1.5	1.5	1.5	0.1
416 	1.5	0.1	0.1	0.1	0.1
417 	0.1	1.5	0.1	0.1	1.5
418 	0.1	0.1	1.5	0.1	1.5
419 	1.5	1.5	1.5	1.5	1.5
420 	1.5	0.1	0.1	0.1	0.1
421 	0.1	1.5	0.1	0.1	0.1
422 	0.1	0.1	1.5	0.1	0.1
423 	1.5	1.5	1.5	1.5	1.5
424 	1.5	0.1	0.1	0.1	1.5
425 	0.1	1.5	0.1	0.1	1.5
426 	0.1	0.1	1.5	0.1	0.1
427 	1.5	1.5	1.5	1.5	0.1
428 	1.5	0.1	0.1	0.1	0.1
429 	0.1	1.5	0.1	0.1	1.5
430 	0.1	0.1	1.5	0.1	1.5
431 	1.5	1.5	1.5	1.5	1.5
432 	1.5	0.1	0.1	0.1	0.1
433 	0.1	1.5	0.1	0.1	0.1
434 	0.1	0.1	1.5	0.1	0.1
435 	1.5	1.5	1.5	1.5	1.5
436 	1.5	0.1	0.1	0.1	1.5
437 	0.1	1.5	0.1	0.1	1.5
438 	0.1	0.1	1.5	0.1	0.1
439 	1.5	1.5	1.5	1.5	0.1
440 	1.5	0.1	0.1	0.1	0.1
441 	0.1	1.5	0.1	0.1	1.5
442 	0.1	0.1	1.5	0.1	1.5
443 	1.5	1.5	1.5	1.5	1.5
444 	1.5	0.1	0.1	0.1	0.1
445 	0.1	1.5	0.1	0.1	0.1
446 	0.1	0.1	1.5	0.1	0.1
447 	1.5	1.5	1.5	1.5	1.5
448 	1.5	0.1	0.1	0.1	1.5
449 	0.1	1.5	0.1	0.1	1.5
450 	0.1	0.1	1.5	0.1	0.1
451 	1.5	1.5	1.5	1.5	0.1
452 	1.5	0.1	0.1	0.1	0.1
453 	0.1	1.5	0.1	0.1	1.5
454 	0.1	0.1	1.5	0.1	1.5
455 	1.5	1.5	1.5	1.5	1.5
456 	1.5	0.1	0.1	0.1	0.1
457 	0.1	1.5	0.1	0.1	0.1
458 	0.1	0.1	1.5	0.1	0.1
459 	1.5	1.5	1.5	1.5	1.5
460 	1.5	0.1	0.1	0.1	1.5
461 	0.1	1.5	0.1	0.1	1.5
462 	0.1	0.1	1.5	0.1	0.1
463 	1.5	1.5	1.5	1.5	0.1
464 	1.5	0.1	0.1	0.1	0.1
465 	0.1	1.5	0.1	0.1	1.5
466 	0.1	0.1	1.5	0.1	1.5
467 	1.5	1.5	1.5	1.5	1.5
468 	1.5	0.1	0.1	0.1	0.1
469 	0.1	1.5	0.1	0.1	0.1
470 	0.1	0.1	1.5	0.1	0.1
471 	1.5	1.5	1.5	1.5	1.5
472 	1.5	0.1	0.1	0.1	1.5
473 	0.1	1.5	0.1	0.1	1.5
474 	0.1	0.1	1.5	0.1	0.1
475 	1.5	1.5	1.5	1.5	0.1
476 	1.5	0.1	0.1	0.1	0.1
477 	0.1	1.5	0.1	0.1	1.5
478 	0.1	0.1	1.5	0.1	1.5
479 	1.5	1.5	1.5	1.5	1.5
480  1.5	0.1	0.1	0.1	0.1
481  0.1	1.5	0.1	0.1	0.1
482  0.1	0.1	1.5	0.1	0.1
483  1.5	1.5	1.5	1.5	1.5
484  1.5	0.1	0.1	0.1	1.5
485  0.1	1.5	0.1	0.1	1.5
486  0.1	0.1	1.5	0.1	0.1
487  1.5	1.5	1.5	1.5	0.1
488  1.5	0.1	0.1	0.1	0.1
489  0.1	1.5	0.1	0.1	1.5
490  0.1	0.1	1.5	0.1	1.5
491  1.5	1.5	1.5	1.5	1.5
492  1.5	0.1	0.1	0.1	0.1
493  0.1	1.5	0.1	0.1	0.1
494  0.1	0.1	1.5	0.1	0.1
495  1.5	1.5	1.5	1.5	1.5
496  1.5	0.1	0.1	0.1	1.5
497  0.1	1.5	0.1	0.1	1.5
498  0.1	0.1	1.5	0.1	0.1
499  1.5	1.5	1.5	1.5	0.1
500  1.5	0.1	0.1	0.1	0.1
501  0.1	1.5	0.1	0.1	1.5
502  0.1	0.1	1.5	0.1	1.5
503  1.5	1.5	1.5	1.5	1.5
504  1.5	0.1	0.1	0.1	0.1
505  0.1	1.5	0.1	0.1	0.1
506  0.1	0.1	1.5	0.1	0.1
507  1.5	1.5	1.5	1.5	1.5
508  1.5	0.1	0.1	0.1	1.5
509  0.1	1.5	0.1	0.1	1.5
510  0.1	0.1	1.5	0.1	0.1
511  1.5	1.5	1.5	1.5	0.1
512  1.5	0.1	0.1	0.1	0.1
513  0.1	1.5	0.1	0.1	1.5
514  0.1	0.1	1.5	0.1	1.5
515  1.5	1.5	1.5	1.5	1.5
516  1.5	0.1	0.1	0.1	0.1
517  0.1	1.5	0.1	0.1	0.1
518  0.1	0.1	1.5	0.1	0.1
519  1.5	1.5	1.5	1.5	1.5
520  1.5	0.1	0.1	0.1	1.5
521  0.1	1.5	0.1	0.1	1.5
522  0.1	0.1	1.5	0.1	0.1
523  1.5	1.5	1.5	1.5	0.1
524  1.5	0.1	0.1	0.1	0.1
525  0.1	1.5	0.1	0.1	1.5
526  0.1	0.1	1.5	0.1	1.5
527  1.5	1.5	1.5	1.5	1.5
528  1.5	0.1	0.1	0.1	0.1
529  0.1	1.5	0.1	0.1	0.1
530  0.1	0.1	1.5	0.1	0.1
531  1.5	1.5	1.5	1.5	1.5
532  1.5	0.1	0.1	0.1	1.5
533  0.1	1.5	0.1	0.1	1.5
534  0.1	0.1	1.5	0.1	0.1
535  1.5	1.5	1.5	1.5	0.1
536  1.5	0.1	0.1	0.1	0.1
537  0.1	1.5	0.1	0.1	1.5
538  0.1	0.1	1.5	0.1	1.5
539  1.5	1.5	1.5	1.5	1.5
540  1.5	0.1	0.1	0.1	0.1
541  0.1	1.5	0.1	0.1	0.1
542  0.1	0.1	1.5	0.1	0.1
543  1.5	1.5	1.5	1.5	1.5
544  1.5	0.1	0.1	0.1	1.5
545  0.1	1.5	0.1	0.1	1.5
546  0.1	0.1	1.5	0.1	0.1
547  1.5	1.5	1.5	1.5	0.1
548  1.5	0.1	0.1	0.1	0.1
549  0.1	1.5	0.1	0.1	1.5
550  0.1	0.1	1.5	0.1	1.5
551  1.5	1.5	1.5	1.5	1.5
552  1.5	0.1	0.1	0.1	0.1
553  0.1	1.5	0.1	0.1	0.1
554  0.1	0.1	1.5	0.1	0.1
555  1.5	1.5	1.5	1.5	1.5
556  1.5	0.1	0.1	0.1	1.5
557  0.1	1.5	0.1	0.1	1.5
558  0.1	0.1	1.5	0.1	0.1
559  1.5	1.5	1.5	1.5	0.1
560  1.5	0.1	0.1	0.1	0.1
561  0.1	1.5	0.1	0.1	1.5
562  0.1	0.1	1.5	0.1	1.5
563  1.5	1.5	1.5	1.5	1.5
564  1.5	0.1	0.1	0.1	0.1
565  0.1	1.5	0.1	0.1	0.1
566  0.1	0.1	1.5	0.1	0.1
567  1.5	1.5	1.5	1.5	1.5
568  1.5	0.1	0.1	0.1	1.5
569  0.1	1.5	0.1	0.1	1.5
570  0.1	0.1	1.5	0.1	0.1
571  1.5	1.5	1.5	1.5	0.1
572  1.5	0.1	0.1	0.1	0.1
573  0.1	1.5	0.1	0.1	1.5
574  0.1	0.1	1.5	0.1	1.5
575  1.5	1.5	1.5	1.5	1.5
576  1.5	0.1	0.1	0.1	0.1
577  0.1	1.5	0.1	0.1	0.1
578  0.1	0.1	1.5	0.1	0.1
579  1.5	1.5	1.5	1.5	1.5
580 	1.5	0.1	0.1	0.1	1.5
581 	0.1	1.5	0.1	0.1	1.5
582 	0.1	0.1	1.5	0.1	0.1
583 	1.5	1.5	1.5	1.5	0.1
584 	1.5	0.1	0.1	0.1	0.1
585 	0.1	1.5	0.1	0.1	1.5
586 	0.1	0.1	1.5	0.1	1.5
587 	1.5	1.5	1.5	1.5	1.5
588 	1.5	0.1	0.1	0.1	0.1
589 	0.1	1.5	0.1	0.1	0.1
590 	0.1	0.1	1.5	0.1	0.1
591 	1.5	1.5	1.5	1.5	1.5
592 	1.5	0.1	0.1	0.1	1.5
593 	0.1	1.5	0.1	0.1	1.5
594 	0.1	0.1	1.5	0.1	0.1
595 	1.5	1.5	1.5	1.5	0.1
596 	1.5	0.1	0.1	0.1	0.1
597 	0.1	1.5	0.1	0.1	1.5
598 	0.1	0.1	1.5	0.1	1.5
599 	1.5	1.5	1.5	1.5	1.5
600 	1.5	0.1	0.1	0.1	0.1
601 	0.1	1.5	0.1	0.1	0.1
602 	0.1	0.1	1.5	0.1	0.1
603 	1.5	1.5	1.5	1.5	1.5
604 	1.5	0.1	0.1	0.1	1.5
605 	0.1	1.5	0.1	0.1	1.5
606 	0.1	0.1	1.5	0.1	0.1
607 	1.5	1.5	1.5	1.5	0.1
608 	1.5	0.1	0.1	0.1	0.1
609 	0.1	1.5	0.1	0.1	1.5
610 	0.1	0.1	1.5	0.1	1.5
611 	1.5	1.5	1.5	1.5	1.5
612 	1.5	0.1	0.1	0.1	0.1
613 	0.1	1.5	0.1	0.1	0.1
614 	0.1	0.1	1.5	0.1	0.1
615 	1.5	1.5	1.5	1.5	1.5
616 	1.5	0.1	0.1	0.1	1.5
617 	0.1	1.5	0.1	0.1	1.5
618 	0.1	0.1	1.5	0.1	0.1
619 	1.5	1.5	1.5	1.5	0.1
620 	1.5	0.1	0.1	0.1	0.1
621 	0.1	1.5	0.1	0.1	1.5
622 	0.1	0.1	1.5	0.1	1.5
623 	1.5	1.5	1.5	1.5	1.5
624 	1.5	0.1	0.1	0.1	0.1
625 	0.1	1.5	0.1	0.1	0.1
626 	0.1	0.1	1.5	0.1	0.1
627 	1.5	1.5	1.5	1.5	1.5
628 	1.5	0.1	0.1	0.1	1.5
629 	0.1	1.5	0.1	0.1	1.5
630 	0.1	0.1	1.5	0.1	0.1
631 	1.5	1.5	1.5	1.5	0.1
632 	1.5	0.1	0.1	0.1	0.1
633 	0.1	1.5	0.1	0.1	1.5
634 	0.1	0.1	1.5	0.1	1.5
635 	1.5	1.5	1.5	1.5	1.5
636 	1.5	0.1	0.1	0.1	0.1
637 	0.1	1.5	0.1	0.1	0.1
638 	0.1	0.1	1.5	0.1	0.1
639 	1.5	1.5	1.5	1.5	1.5
640 	1.5	0.1	0.1	0.1	1.5
641 	0.1	1.5	0.1	0.1	1.5
642 	0.1	0.1	1.5	0.1	0.1
643 	1.5	1.5	1.5	1.5	0.1
644 	1.5	0.1	0.1	0.1	0.1
645 	0.1	1.5	0.1	0.1	1.5
646 	0.1	0.1	1.5	0.1	1.5
647 	1.5	1.5	1.5	1.5	1.5
648 	1.5	0.1	0.1	0.1	0.1
649 	0.1	1.5	0.1	0.1	0.1
650 	0.1	0.1	1.5	0.1	0.1
651 	1.5	1.5	1.5	1.5	1.5
652 	1.5	0.1	0.1	0.1	1.5
653 	0.1	1.5	0.1	0.1	1.5
654 	0.1	0.1	1.5	0.1	0.1
655 	1.5	1.5	1.5	1.5	0.1
656 	1.5	0.1	0.1	0.1	0.1
657 	0.1	1.5	0.1	0.1	1.5
658 	0.1	0.1	1.5	0.1	1.5
659 	1.5	1.5	1.5	1.5	1.5
660 	1.5	0.1	0.1	0.1	0.1
661 	0.1	1.5	0.1	0.1	0.1
662 	0.1	0.1	1.5	0.1	0.1
663 	1.5	1.5	1.5	1.5	1.5
664 	1.5	0.1	0.1	0.1	1.5
665 	0.1	1.5	0.1	0.1	1.5
666 	0.1	0.1	1.5	0.1	0.1
667 	1.5	1.5	1.5	1.5	0.1
668 	1.5	0.1	0.1	0.1	0.1
669 	0.1	1.5	0.1	0.1	1.5
670 	0.1	0.1	1.5	0.1	1.5
671 	1.5	1.5	1.5	1.5	1.5
672 	1.5	0.1	0.1	0.1	0.1
673 	0.1	1.5	0.1	0.1	0.1
674 	0.1	0.1	1.5	0.1	0.1
675 	1.5	1.5	1.5	1.5	1.5
676 	1.5	0.1	0.1	0.1	1.5
677 	0.1	1.5	0.1	0.1	1.5
678 	0.1	0.1	1.5	0.1	0.1
679 	1.5	1.5	1.5	1.5	0.1
680 	1.5	0.1	0.1	0.1	0.1
681 	0.1	1.5	0.1	0.1	1.5
682 	0.1	0.1	1.5	0.1	1.5
683 	1.5	1.5	1.5	1.5	1.5
684 	1.5	0.1	0.1	0.1	0.1
685 	0.1	1.5	0.1	0.1	0.1
686 	0.1	0.1	1.5	0.1	0.1
687 	1.5	1.5	1.5	1.5	1.5
688 	1.5	0.1	0.1	0.1	1.5
689 	0.1	1.5	0.1	0.1	1.5
690 	0.1	0.1	1.5	0.1	0.1
691 	1.5	1.5	1.5	1.5	0.1
692 	1.5	0.1	0.1	0.1	0.1
693 	0.1	1.5	0.1	0.1	1.5
694 	0.1	0.1	1.5	0.1	1.5
695 	1.5	1.5	1.5	1.5	1.5
696 	1.5	0.1	0.1	0.1	0.1
697 	0.1	1.5	0.1	0.1	0.1
698 	0.1	0.1	1.5	0.1	0.1
699 	1.5	1.5	1.5	1.5	1.5
700 	1.5	0.1	0.1	0.1	1.5
701 	0.1	1.5	0.1	0.1	1.5
702 	0.1	0.1	1.5	0.1	0.1
703 	1.5	1.5	1.5	1.5	0.1
704 	1.5	0.1	0.1	0.1	0.1
705 	0.1	1.5	0.1	0.1	1.5
706 	0.1	0.1	1.5	0.1	1.5
707 	1.5	1.5	1.5	1.5	1.5
708 	1.5	0.1	0.1	0.1	0.1
709 	0.1	1.5	0.1	0.1	0.1
710 	0.1	0.1	1.5	0.1	0.1
711 	1.5	1.5	1.5	1.5	1.5
712 	1.5	0.1	0.1	0.1	1.5
713 	0.1	1.5	0.1	0.1	1.5
714 	0.1	0.1	1.5	0.1	0.1
715 	1.5	1.5	1.5	1.5	0.1
716 	1.5	0.1	0.1	0.1	0.1
717 	0.1	1.5	0.1	0.1	1.5
718 	0.1	0.1	1.5	0.1	1.5
719 	1.5	1.5	1.5	1.5	1.5
