sites	0	1	2	3
0	1.5	0.0	0.0	0.0
1	0.0	1.5	0.0	0.0
2	0.0	0.0	1.5	0.0
3	1.5	1.5	1.5	1.5
4	1.5	0.0	0.0	0.0
5	0.0	1.5	0.0	0.0
6	0.0	0.0	1.5	0.0
7	1.5	1.5	1.5	1.5
8	1.5	0.0	0.0	0.0
9	0.0	1.5	0.0	0.0
10	0.0	0.0	1.5	0.0
11	1.5	1.5	1.5	1.5
12	1.5	0.0	0.0	0.0
13	0.0	1.5	0.0	0.0
14	0.0	0.0	1.5	0.0
15	1.5	1.5	1.5	1.5
16	1.5	0.0	0.0	0.0
17	0.0	1.5	0.0	0.0
18	0.0	0.0	1.5	0.0
19	1.5	1.5	1.5	1.5
20	1.5	0.0	0.0	0.0
21	0.0	1.5	0.0	0.0
22	0.0	0.0	1.5	0.0
23	1.5	1.5	1.5	1.5
24	1.5	0.0	0.0	0.0
25	0.0	1.5	0.0	0.0
26	0.0	0.0	1.5	0.0
27	1.5	1.5	1.5	1.5
28	1.5	0.0	0.0	0.0
29	0.0	1.5	0.0	0.0
30	0.0	0.0	1.5	0.0
31	1.5	1.5	1.5	1.5
32	1.5	0.0	0.0	0.0
33	0.0	1.5	0.0	0.0
34	0.0	0.0	1.5	0.0
35	1.5	1.5	1.5	1.5
36	1.5	0.0	0.0	0.0
37	0.0	1.5	0.0	0.0
38	0.0	0.0	1.5	0.0
39	1.5	1.5	1.5	1.5
40	1.5	0.0	0.0	0.0
41	0.0	1.5	0.0	0.0
42	0.0	0.0	1.5	0.0
43	1.5	1.5	1.5	1.5
44	1.5	0.0	0.0	0.0
45	0.0	1.5	0.0	0.0
46	0.0	0.0	1.5	0.0
47	1.5	1.5	1.5	1.5
48	1.5	0.0	0.0	0.0
49	0.0	1.5	0.0	0.0
50	0.0	0.0	1.5	0.0
51	1.5	1.5	1.5	1.5
52	1.5	0.0	0.0	0.0
53	0.0	1.5	0.0	0.0
54	0.0	0.0	1.5	0.0
55	1.5	1.5	1.5	1.5
56	1.5	0.0	0.0	0.0
57	0.0	1.5	0.0	0.0
58	0.0	0.0	1.5	0.0
59	1.5	1.5	1.5	1.5
60	1.5	0.0	0.0	0.0
61	0.0	1.5	0.0	0.0
62	0.0	0.0	1.5	0.0
63	1.5	1.5	1.5	1.5
64	1.5	0.0	0.0	0.0
65	0.0	1.5	0.0	0.0
66	0.0	0.0	1.5	0.0
67	1.5	1.5	1.5	1.5
68	1.5	0.0	0.0	0.0
69	0.0	1.5	0.0	0.0
70	0.0	0.0	1.5	0.0
71	1.5	1.5	1.5	1.5
72	1.5	0.0	0.0	0.0
73	0.0	1.5	0.0	0.0
74	0.0	0.0	1.5	0.0
75	1.5	1.5	1.5	1.5
76	1.5	0.0	0.0	0.0
77	0.0	1.5	0.0	0.0
78	0.0	0.0	1.5	0.0
79	1.5	1.5	1.5	1.5
80	1.5	0.0	0.0	0.0
81	0.0	1.5	0.0	0.0
82	0.0	0.0	1.5	0.0
83	1.5	1.5	1.5	1.5
84	1.5	0.0	0.0	0.0
85	0.0	1.5	0.0	0.0
86	0.0	0.0	1.5	0.0
87	1.5	1.5	1.5	1.5
88	1.5	0.0	0.0	0.0
89	0.0	1.5	0.0	0.0
90	0.0	0.0	1.5	0.0
91	1.5	1.5	1.5	1.5
92	1.5	0.0	0.0	0.0
93	0.0	1.5	0.0	0.0
94	0.0	0.0	1.5	0.0
95	1.5	1.5	1.5	1.5
96	1.5	0.0	0.0	0.0
97	0.0	1.5	0.0	0.0
98	0.0	0.0	1.5	0.0
99	1.5	1.5	1.5	1.5
100	1.5	0.0	0.0	0.0
101	0.0	1.5	0.0	0.0
102	0.0	0.0	1.5	0.0
103	1.5	1.5	1.5	1.5
104	1.5	0.0	0.0	0.0
105	0.0	1.5	0.0	0.0
106	0.0	0.0	1.5	0.0
107	1.5	1.5	1.5	1.5
108	1.5	0.0	0.0	0.0
109	0.0	1.5	0.0	0.0
110	0.0	0.0	1.5	0.0
111	1.5	1.5	1.5	1.5
112	1.5	0.0	0.0	0.0
113	0.0	1.5	0.0	0.0
114	0.0	0.0	1.5	0.0
115	1.5	1.5	1.5	1.5
116	1.5	0.0	0.0	0.0
117	0.0	1.5	0.0	0.0
118	0.0	0.0	1.5	0.0
119	1.5	1.5	1.5	1.5
120	1.5	0.0	0.0	0.0
121	0.0	1.5	0.0	0.0
122	0.0	0.0	1.5	0.0
123	1.5	1.5	1.5	1.5
124	1.5	0.0	0.0	0.0
125	0.0	1.5	0.0	0.0
126	0.0	0.0	1.5	0.0
127	1.5	1.5	1.5	1.5
128	1.5	0.0	0.0	0.0
129	0.0	1.5	0.0	0.0
130	0.0	0.0	1.5	0.0
131	1.5	1.5	1.5	1.5
132	1.5	0.0	0.0	0.0
133	0.0	1.5	0.0	0.0
134	0.0	0.0	1.5	0.0
135	1.5	1.5	1.5	1.5
136	1.5	0.0	0.0	0.0
137	0.0	1.5	0.0	0.0
138	0.0	0.0	1.5	0.0
139	1.5	1.5	1.5	1.5
140	1.5	0.0	0.0	0.0
141	0.0	1.5	0.0	0.0
142	0.0	0.0	1.5	0.0
143	1.5	1.5	1.5	1.5
144	1.5	0.0	0.0	0.0
145	0.0	1.5	0.0	0.0
146	0.0	0.0	1.5	0.0
147	1.5	1.5	1.5	1.5
148	1.5	0.0	0.0	0.0
149	0.0	1.5	0.0	0.0
150	0.0	0.0	1.5	0.0
151	1.5	1.5	1.5	1.5
152	1.5	0.0	0.0	0.0
153	0.0	1.5	0.0	0.0
154	0.0	0.0	1.5	0.0
155	1.5	1.5	1.5	1.5
156	1.5	0.0	0.0	0.0
157	0.0	1.5	0.0	0.0
158	0.0	0.0	1.5	0.0
159	1.5	1.5	1.5	1.5
160	1.5	0.0	0.0	0.0
161	0.0	1.5	0.0	0.0
162	0.0	0.0	1.5	0.0
163	1.5	1.5	1.5	1.5
164	1.5	0.0	0.0	0.0
165	0.0	1.5	0.0	0.0
166	0.0	0.0	1.5	0.0
167	1.5	1.5	1.5	1.5
168	1.5	0.0	0.0	0.0
169	0.0	1.5	0.0	0.0
170	0.0	0.0	1.5	0.0
171	1.5	1.5	1.5	1.5
172	1.5	0.0	0.0	0.0
173	0.0	1.5	0.0	0.0
174	0.0	0.0	1.5	0.0
175	1.5	1.5	1.5	1.5
176	1.5	0.0	0.0	0.0
177	0.0	1.5	0.0	0.0
178	0.0	0.0	1.5	0.0
179	1.5	1.5	1.5	1.5
180	1.5	0.0	0.0	0.0
181	0.0	1.5	0.0	0.0
182	0.0	0.0	1.5	0.0
183	1.5	1.5	1.5	1.5
184	1.5	0.0	0.0	0.0
185	0.0	1.5	0.0	0.0
186	0.0	0.0	1.5	0.0
187	1.5	1.5	1.5	1.5
188	1.5	0.0	0.0	0.0
189	0.0	1.5	0.0	0.0
190	0.0	0.0	1.5	0.0
191	1.5	1.5	1.5	1.5
192	1.5	0.0	0.0	0.0
193	0.0	1.5	0.0	0.0
194	0.0	0.0	1.5	0.0
195	1.5	1.5	1.5	1.5
196	1.5	0.0	0.0	0.0
197	0.0	1.5	0.0	0.0
198	0.0	0.0	1.5	0.0
199	1.5	1.5	1.5	1.5
200	1.5	0.0	0.0	0.0
201	0.0	1.5	0.0	0.0
202	0.0	0.0	1.5	0.0
203	1.5	1.5	1.5	1.5
204	1.5	0.0	0.0	0.0
205	0.0	1.5	0.0	0.0
206	0.0	0.0	1.5	0.0
207	1.5	1.5	1.5	1.5
208	1.5	0.0	0.0	0.0
209	0.0	1.5	0.0	0.0
210	0.0	0.0	1.5	0.0
211	1.5	1.5	1.5	1.5
212	1.5	0.0	0.0	0.0
213	0.0	1.5	0.0	0.0
214	0.0	0.0	1.5	0.0
215	1.5	1.5	1.5	1.5
216	1.5	0.0	0.0	0.0
217	0.0	1.5	0.0	0.0
218	0.0	0.0	1.5	0.0
219	1.5	1.5	1.5	1.5
220	1.5	0.0	0.0	0.0
221	0.0	1.5	0.0	0.0
222	0.0	0.0	1.5	0.0
223	1.5	1.5	1.5	1.5
224	1.5	0.0	0.0	0.0
225	0.0	1.5	0.0	0.0
226	0.0	0.0	1.5	0.0
227	1.5	1.5	1.5	1.5
228	1.5	0.0	0.0	0.0
229	0.0	1.5	0.0	0.0
230	0.0	0.0	1.5	0.0
231	1.5	1.5	1.5	1.5
232	1.5	0.0	0.0	0.0
233	0.0	1.5	0.0	0.0
234	0.0	0.0	1.5	0.0
235	1.5	1.5	1.5	1.5
236	1.5	0.0	0.0	0.0
237	0.0	1.5	0.0	0.0
238	0.0	0.0	1.5	0.0
239	1.5	1.5	1.5	1.5
