sites	val
0   0.1
1   0.15
2   0.25
3   1.5
4   0.1
5   0.15
6   0.25
7   1.5
8   0.1
9   0.15
10  0.25
11  1.5
12  0.1
13  0.15
14  0.25
15  1.5
16  0.1
17  0.15
18  0.25
19  1.5
20  0.1
21  0.15
22  0.25
23  1.5
24  0.1
25  0.15
26  0.25
27  1.5
28  0.1
29  0.15
30  0.25
31  1.5
32  0.1
33  0.15
34  0.25
35  1.5
36  0.1
37  0.15
38  0.25
39  1.5
40  0.1
41  0.15
42  0.25
43  1.5
44  0.1
45  0.15
46  0.25
47  1.5
48  0.1
49  0.15
50  0.25
51  1.5
52  0.1
53  0.15
54  0.25
55  1.5
56  0.1
57  0.15
58  0.25
59  1.5
60  0.1
61  0.15
62  0.25
63  1.5
64  0.1
65  0.15
66  0.25
67  1.5
68  0.1
69  0.15
70  0.25
71  1.5
72  0.1
73  0.15
74  0.25
75  1.5
76  0.1
77  0.15
78  0.25
79  1.5
80  0.1
81  0.15
82  0.25
83  1.5
84  0.1
85  0.15
86  0.25
87  1.5
88  0.1
89  0.15
90  0.25
91  1.5
92  0.1
93  0.15
94  0.25
95  1.5
96  0.1
97  0.15
98  0.25
99  1.5
100 0.1
101 0.15
102 0.25
103 1.5
104 0.1
105 0.15
106 0.25
107 1.5
108 0.1
109 0.15
110 0.25
111 1.5
112 0.1
113 0.15
114 0.25
115 1.5
116 0.1
117 0.15
118 0.25
119 1.5
120 0.1
121 0.15
122 0.25
123 1.5
124 0.1
125 0.15
126 0.25
127 1.5
128 0.1
129 0.15
130 0.25
131 1.5
132 0.1
133 0.15
134 0.25
135 1.5
136 0.1
137 0.15
138 0.25
139 1.5
140 0.1
141 0.15
142 0.25
143 1.5
144 0.1
145 0.15
146 0.25
147 1.5
148 0.1
149 0.15
150 0.25
151 1.5
152 0.1
153 0.15
154 0.25
155 1.5
156 0.1
157 0.15
158 0.25
159 1.5
160 0.1
161 0.15
162 0.25
163 1.5
164 0.1
165 0.15
166 0.25
167 1.5
168 0.1
169 0.15
170 0.25
171 1.5
172 0.1
173 0.15
174 0.25
175 1.5
176 0.1
177 0.15
178 0.25
179 1.5
180 0.1
181 0.15
182 0.25
183 1.5
184 0.1
185 0.15
186 0.25
187 1.5
188 0.1
189 0.15
190 0.25
191 1.5
192 0.1
193 0.15
194 0.25
195 1.5
196 0.1
197 0.15
198 0.25
199 1.5
200 0.1
201 0.15
202 0.25
203 1.5
204 0.1
205 0.15
206 0.25
207 1.5
208 0.1
209 0.15
210 0.25
211 1.5
212 0.1
213 0.15
214 0.25
215 1.5
216 0.1
217 0.15
218 0.25
219 1.5
220 0.1
221 0.15
222 0.25
223 1.5
224 0.1
225 0.15
226 0.25
227 1.5
228 0.1
229 0.15
230 0.25
231 1.5
232 0.1
233 0.15
234 0.25
235 1.5
236 0.1
237 0.15
238 0.25
239 1.5
240 0.1
241 0.15
242 0.25
243 1.5
244 0.1
245 0.15
246 0.25
247 1.5
248 0.1
249 0.15
250 0.25
251 1.5
252 0.1
253 0.15
254 0.25
255 1.5
256 0.1
257 0.15
258 0.25
259 1.5
260 0.1
261 0.15
262 0.25
263 1.5
264 0.1
265 0.15
266 0.25
267 1.5
268 0.1
269 0.15
270 0.25
271 1.5
272 0.1
273 0.15
274 0.25
275 1.5
276 0.1
277 0.15
278 0.25
279 1.5
280 0.1
281 0.15
282 0.25
283 1.5
284 0.1
285 0.15
286 0.25
287 1.5
288 0.1
289 0.15
290 0.25
291 1.5
292 0.1
293 0.15
294 0.25
295 1.5
296 0.1
297 0.15
298 0.25
299 1.5
300 0.1
301 0.15
302 0.25
303 1.5
304 0.1
305 0.15
306 0.25
307 1.5
308 0.1
309 0.15
310 0.25
311 1.5
312 0.1
313 0.15
314 0.25
315 1.5
316 0.1
317 0.15
318 0.25
319 1.5
320 0.1
321 0.15
322 0.25
323 1.5
324 0.1
325 0.15
326 0.25
327 1.5
328 0.1
329 0.15
330 0.25
331 1.5
332 0.1
333 0.15
334 0.25
335 1.5
336 0.1
337 0.15
338 0.25
339 1.5
340 0.1
341 0.15
342 0.25
343 1.5
344 0.1
345 0.15
346 0.25
347 1.5
348 0.1
349 0.15
350 0.25
351 1.5
352 0.1
353 0.15
354 0.25
355 1.5
356 0.1
357 0.15
358 0.25
359 1.5
360 0.1
361 0.15
362 0.25
363 1.5
364 0.1
365 0.15
366 0.25
367 1.5
368 0.1
369 0.15
370 0.25
371 1.5
372 0.1
373 0.15
374 0.25
375 1.5
376 0.1
377 0.15
378 0.25
379 1.5
380 0.1
381 0.15
382 0.25
383 1.5
384 0.1
385 0.15
386 0.25
387 1.5
388 0.1
389 0.15
390 0.25
391 1.5
392 0.1
393 0.15
394 0.25
395 1.5
396 0.1
397 0.15
398 0.25
399 1.5
400 0.1
401 0.15
402 0.25
403 1.5
404 0.1
405 0.15
406 0.25
407 1.5
408 0.1
409 0.15
410 0.25
411 1.5
412 0.1
413 0.15
414 0.25
415 1.5
416 0.1
417 0.15
418 0.25
419 1.5
420 0.1
421 0.15
422 0.25
423 1.5
424 0.1
425 0.15
426 0.25
427 1.5
428 0.1
429 0.15
430 0.25
431 1.5
432 0.1
433 0.15
434 0.25
435 1.5
436 0.1
437 0.15
438 0.25
439 1.5
440 0.1
441 0.15
442 0.25
443 1.5
444 0.1
445 0.15
446 0.25
447 1.5
448 0.1
449 0.15
450 0.25
451 1.5
452 0.1
453 0.15
454 0.25
455 1.5
456 0.1
457 0.15
458 0.25
459 1.5
460 0.1
461 0.15
462 0.25
463 1.5
464 0.1
465 0.15
466 0.25
467 1.5
468 0.1
469 0.15
470 0.25
471 1.5
472 0.1
473 0.15
474 0.25
475 1.5
476 0.1
477 0.15
478 0.25
479 1.5
480 0.1
481 0.15
482 0.25
483 1.5
484 0.1
485 0.15
486 0.25
487 1.5
488 0.1
489 0.15
490 0.25
491 1.5
492 0.1
493 0.15
494 0.25
495 1.5
496 0.1
497 0.15
498 0.25
499 1.5
500 0.1
501 0.15
502 0.25
503 1.5
504 0.1
505 0.15
506 0.25
507 1.5
508 0.1
509 0.15
510 0.25
511 1.5
512 0.1
513 0.15
514 0.25
515 1.5
516 0.1
517 0.15
518 0.25
519 1.5
520 0.1
521 0.15
522 0.25
523 1.5
524 0.1
525 0.15
526 0.25
527 1.5
528 0.1
529 0.15
530 0.25
531 1.5
532 0.1
533 0.15
534 0.25
535 1.5
536 0.1
537 0.15
538 0.25
539 1.5
540 0.1
541 0.15
542 0.25
543 1.5
544 0.1
545 0.15
546 0.25
547 1.5
548 0.1
549 0.15
550 0.25
551 1.5
552 0.1
553 0.15
554 0.25
555 1.5
556 0.1
557 0.15
558 0.25
559 1.5
560 0.1
561 0.15
562 0.25
563 1.5
564 0.1
565 0.15
566 0.25
567 1.5
568 0.1
569 0.15
570 0.25
571 1.5
572 0.1
573 0.15
574 0.25
575 1.5
576 0.1
577 0.15
578 0.25
579 1.5
580 0.1
581 0.15
582 0.25
583 1.5
584 0.1
585 0.15
586 0.25
587 1.5
588 0.1
589 0.15
590 0.25
591 1.5
592 0.1
593 0.15
594 0.25
595 1.5
596 0.1
597 0.15
598 0.25
599 1.5
600 0.1
601 0.15
602 0.25
603 1.5
604 0.1
605 0.15
606 0.25
607 1.5
608 0.1
609 0.15
610 0.25
611 1.5
612 0.1
613 0.15
614 0.25
615 1.5
616 0.1
617 0.15
618 0.25
619 1.5
620 0.1
621 0.15
622 0.25
623 1.5
624 0.1
625 0.15
626 0.25
627 1.5
628 0.1
629 0.15
630 0.25
631 1.5
632 0.1
633 0.15
634 0.25
635 1.5
636 0.1
637 0.15
638 0.25
639 1.5
640 0.1
641 0.15
642 0.25
643 1.5
644 0.1
645 0.15
646 0.25
647 1.5
648 0.1
649 0.15
650 0.25
651 1.5
652 0.1
653 0.15
654 0.25
655 1.5
656 0.1
657 0.15
658 0.25
659 1.5
660 0.1
661 0.15
662 0.25
663 1.5
664 0.1
665 0.15
666 0.25
667 1.5
668 0.1
669 0.15
670 0.25
671 1.5
672 0.1
673 0.15
674 0.25
675 1.5
676 0.1
677 0.15
678 0.25
679 1.5
680 0.1
681 0.15
682 0.25
683 1.5
684 0.1
685 0.15
686 0.25
687 1.5
688 0.1
689 0.15
690 0.25
691 1.5
692 0.1
693 0.15
694 0.25
695 1.5
696 0.1
697 0.15
698 0.25
699 1.5
700 0.1
701 0.15
702 0.25
703 1.5
704 0.1
705 0.15
706 0.25
707 1.5
708 0.1
709 0.15
710 0.25
711 1.5
712 0.1
713 0.15
714 0.25
715 1.5
716 0.1
717 0.15
718 0.25
719 1.5
