sites	val
0	0.1
1	0.15
2	0.25
3	1.5
4	0.1
5	0.15
6	0.25
7	1.5
8	0.1
9	0.15
10	0.25
11	1.5
12	0.1
13	0.15
14	0.25
15	1.5
16	0.1
17	0.15
18	0.25
19	1.5
20	0.1
21	0.15
22	0.25
23	1.5
24	0.1
25	0.15
26	0.25
27	1.5
28	0.1
29	0.15
30	0.25
31	1.5
32	0.1
33	0.15
34	0.25
35	1.5
36	0.1
37	0.15
38	0.25
39	1.5
40	0.1
41	0.15
42	0.25
43	1.5
44	0.1
45	0.15
46	0.25
47	1.5
48	0.1
49	0.15
50	0.25
51	1.5
52	0.1
53	0.15
54	0.25
55	1.5
56	0.1
57	0.15
58	0.25
59	1.5
60	0.1
61	0.15
62	0.25
63	1.5
64	0.1
65	0.15
66	0.25
67	1.5
68	0.1
69	0.15
70	0.25
71	1.5
72	0.1
73	0.15
74	0.25
75	1.5
76	0.1
77	0.15
78	0.25
79	1.5
80	0.1
81	0.15
82	0.25
83	1.5
84	0.1
85	0.15
86	0.25
87	1.5
88	0.1
89	0.15
90	0.25
91	1.5
92	0.1
93	0.15
94	0.25
95	1.5
96	0.1
97	0.15
98	0.25
99	1.5
100	0.1
101	0.15
102	0.25
103	1.5
104	0.1
105	0.15
106	0.25
107	1.5
108	0.1
109	0.15
110	0.25
111	1.5
112	0.1
113	0.15
114	0.25
115	1.5
116	0.1
117	0.15
118	0.25
119	1.5
120	0.1
121	0.15
122	0.25
123	1.5
124	0.1
125	0.15
126	0.25
127	1.5
128	0.1
129	0.15
130	0.25
131	1.5
132	0.1
133	0.15
134	0.25
135	1.5
136	0.1
137	0.15
138	0.25
139	1.5
140	0.1
141	0.15
142	0.25
143	1.5
144	0.1
145	0.15
146	0.25
147	1.5
148	0.1
149	0.15
150	0.25
151	1.5
152	0.1
153	0.15
154	0.25
155	1.5
156	0.1
157	0.15
158	0.25
159	1.5
160	0.1
161	0.15
162	0.25
163	1.5
164	0.1
165	0.15
166	0.25
167	1.5
168	0.1
169	0.15
170	0.25
171	1.5
172	0.1
173	0.15
174	0.25
175	1.5
176	0.1
177	0.15
178	0.25
179	1.5
180	0.1
181	0.15
182	0.25
183	1.5
184	0.1
185	0.15
186	0.25
187	1.5
188	0.1
189	0.15
190	0.25
191	1.5
192	0.1
193	0.15
194	0.25
195	1.5
196	0.1
197	0.15
198	0.25
199	1.5
200	0.1
201	0.15
202	0.25
203	1.5
204	0.1
205	0.15
206	0.25
207	1.5
208	0.1
209	0.15
210	0.25
211	1.5
212	0.1
213	0.15
214	0.25
215	1.5
216	0.1
217	0.15
218	0.25
219	1.5
220	0.1
221	0.15
222	0.25
223	1.5
224	0.1
225	0.15
226	0.25
227	1.5
228	0.1
229	0.15
230	0.25
231	1.5
232	0.1
233	0.15
234	0.25
235	1.5
236	0.1
237	0.15
238	0.25
239	1.5
